nearly_ADV: 0.8556497693061829
virtually_ADV: 0.6583424806594849
practically_ADV: 0.631402313709259
least_ADJ: 0.57749342918396
roughly_ADV: 0.5742928981781006

dependence_NOUN: 0.7876945734024048
reliance_NOUN: 0.5914934873580933
addiction_NOUN: 0.5778006315231323
dependance_NOUN: 0.5752689838409424
overdependence_NOUN: 0.5136348605155945

classified_ADJ: 0.6526625156402588
unclassified_ADJ: 0.5765461325645447
class_VERB: 0.5273312926292419
top-secret_ADJ: 0.5004904270172119
confidential_ADJ: 0.49254074692726135

headquarter_VERB: 0.5810952186584473
premise_VERB: 0.517861008644104
basis_NOUN: 0.49088478088378906
reflect_VERB: 0.4665886163711548
accord_VERB: 0.45827221870422363

patchy_ADJ: 0.5310561060905457
spotty_ADJ: 0.5119109153747559
sparser_ADJ: 0.5100120306015015
muted_ADJ: 0.4944276809692383
sparsely_ADV: 0.48119407892227173

gauge_NOUN: 0.6840114593505859
barometer_NOUN: 0.6675682067871094
predictor_NOUN: 0.541325569152832
index_NOUN: 0.5360349416732788
Westpac-Melbourne::Institute_PROPN: 0.5182381868362427

313.222.2260_NUM: 0.5150386691093445
313.222.2480_NUM: 0.5055691003799438
444-8107_NOUN: 0.500879168510437
cir-digital-diary_NOUN: 0.4985313415527344
newsfeature-budget-lat-wp_NOUN: 0.49850529432296753
