nearly_ADV: 0.8802129030227661
virtually_ADV: 0.7008619904518127
practically_ADV: 0.6408571004867554
about_ADV: 0.5508086681365967
completely_ADV: 0.534654438495636

dependence_NOUN: 0.6507178544998169
Dependencies_NOUN: 0.5176164507865906
Dependency_NOUN: 0.5001615285873413
dependent_ADJ: 0.47701209783554077
interdependency_NOUN: 0.462577223777771

parsing_NOUN: 0.7563065886497498
parse_VERB: 0.713886022567749
parsing_VERB: 0.6766785383224487
parse_NOUN: 0.6727302074432373
JavaScript_PROPN: 0.6631484031677246

classified_VERB: 0.7640547156333923
classify_ADJ: 0.7480188608169556
categorize_VERB: 0.7197439074516296
categorise_VERB: 0.6878830790519714
classified_ADJ: 0.6757475137710571

based_VERB: 0.6342754364013672
Based_VERB: 0.575369656085968
Bas_VERB: 0.5239803791046143
bas_VERB: 0.5204394459724426
rely_NOUN: 0.44990795850753784

sparse_NOUN: 0.8225401639938354
sparse_VERB: 0.7891346216201782
dense_ADJ: 0.6545523405075073
patchy_ADJ: 0.6163535118103027
sparser_NOUN: 0.5971220135688782

indicators_NOUN: 0.6635660529136658
predictor_NOUN: 0.6142788529396057
correlation_NOUN: 0.56922447681427
determinant_NOUN: 0.5496258735656738
quantify_VERB: 0.5423756837844849

feature_ADJ: 0.7038450241088867
featur_NOUN: 0.6026990413665771
feature_VERB: 0.5815178155899048
featuring_NOUN: 0.5172131657600403
feature_PROPN: 0.5070462822914124
